0.000000,0.000000,0.000000,0.000000,0.000000,0.000000,0.000000,0.000000,0.000000,0.000000,0.000000,0.000000,0.000000,0.000000,0.000000,0.000000,0.000000,0.000000,0.000000,0.000000,0.000000,0.000000,0.000000,0.000000
0.000000,0.000000,0.000000,0.000000,0.000000,0.000000,0.000000,0.000000,0.000000,0.000000,0.000000,0.000000,0.000000,0.022728,0.000000,0.000000,0.000000,0.151416,0.054624,0.036570,0.000000,0.000000,0.000000,0.000000
0.000000,0.000000,0.000000,0.000000,0.000000,0.000000,0.000000,0.008771,0.021517,0.067039,0.147807,0.116331,0.188366,0.289023,0.372453,0.360745,0.279293,0.412134,0.464833,0.504402,0.245486,0.030059,0.000000,0.000000
0.000000,0.000000,0.000000,0.000000,0.028953,0.155252,0.131839,0.294363,0.385302,0.493302,0.605290,0.663881,0.776625,0.849220,0.882729,0.611420,0.654053,0.700938,0.877415,0.734294,0.246213,0.000000,0.000000,0.000000
0.000000,0.000000,0.000000,0.000000,0.141396,0.522604,0.676234,0.891549,0.943396,1.036850,1.064624,1.062889,1.024503,1.068784,0.861706,0.745240,0.745258,0.598021,0.597629,0.469512,0.495794,0.371251,0.211399,0.013835
0.000000,0.000000,0.000000,0.000000,0.246245,0.737784,0.973562,1.026121,1.158838,1.046191,1.146712,1.086926,1.250788,1.364755,1.279684,0.876143,0.802388,0.572118,0.642078,0.675528,0.893597,0.782162,0.445848,0.079405
0.000000,0.000000,0.000000,0.000000,0.000000,0.339758,0.719378,1.046880,1.532743,1.585171,1.439128,1.312077,1.206365,1.337771,1.408450,1.104878,0.808486,0.612588,0.521422,0.516387,0.529128,0.359776,0.149138,0.000000
0.000000,0.000000,0.000000,0.000000,0.000000,0.000000,0.301982,0.898786,1.675942,1.880283,1.486245,1.020560,0.826721,0.903918,1.062114,0.991185,0.756861,0.438173,0.072321,0.046219,0.026758,0.000000,0.000000,0.000000
0.000000,0.000000,0.000000,0.000000,0.000000,0.000000,0.027943,0.333233,1.175362,1.640697,1.539846,1.096918,0.796226,0.408429,0.373164,0.439442,0.440814,0.278890,0.000000,0.000000,0.000000,0.000000,0.000000,0.000000
0.000000,0.000000,0.000000,0.000000,0.000000,0.000000,0.000000,0.056660,0.390431,1.145627,1.396325,1.222766,0.701889,0.175795,0.000000,0.056799,0.003623,0.037187,0.000000,0.000000,0.000000,0.000000,0.000000,0.000000
0.000000,0.000000,0.000000,0.000000,0.000000,0.000000,0.000000,0.000000,0.000000,0.482971,1.237296,1.470840,1.123688,0.509397,0.000000,0.000000,0.000000,0.000000,0.000000,0.000000,0.000000,0.000000,0.000000,0.000000
0.000000,0.000000,0.000000,0.000000,0.000000,0.000000,0.000000,0.000000,0.000000,0.112482,0.786496,1.489856,1.675531,1.152486,0.427980,0.026902,0.000000,0.000000,0.000000,0.000000,0.000000,0.000000,0.000000,0.000000
0.000000,0.000000,0.000000,0.000000,0.000000,0.000000,0.000000,0.000000,0.000000,0.000000,0.217893,0.790760,1.435054,1.696745,1.241809,0.635772,0.175398,0.000000,0.000000,0.000000,0.000000,0.000000,0.000000,0.000000
0.000000,0.000000,0.000000,0.000000,0.000000,0.000000,0.000000,0.000000,0.000000,0.000000,0.000000,0.176764,0.669721,1.507444,1.910237,1.451460,0.935609,0.114748,0.000000,0.000000,0.000000,0.000000,0.000000,0.000000
0.000000,0.000000,0.000000,0.000000,0.000000,0.000000,0.000000,0.000000,0.000000,0.000000,0.000000,0.000000,0.184443,0.777079,1.684916,2.027586,1.560089,0.664408,0.131559,0.000000,0.000000,0.000000,0.000000,0.000000
0.000000,0.000000,0.000000,0.000000,0.000000,0.000000,0.000000,0.000000,0.000000,0.000000,0.069931,0.144383,0.255344,0.667228,1.222408,1.726657,1.641033,1.014726,0.483425,0.000000,0.000000,0.000000,0.000000,0.000000
0.000000,0.000000,0.000000,0.000000,0.000000,0.000000,0.000000,0.000000,0.051421,0.164394,0.370294,0.677943,0.916182,0.873316,0.955182,1.050475,1.200654,1.141261,0.637975,0.315333,0.000000,0.000000,0.000000,0.000000
0.000000,0.000000,0.000000,0.000000,0.000000,0.000000,0.015372,0.159063,0.298805,0.656204,0.926093,1.022647,0.965837,0.879353,0.880556,0.980595,0.948188,0.959754,0.656270,0.336092,0.000000,0.000000,0.000000,0.000000
0.000000,0.000000,0.000000,0.000000,0.083392,0.090209,0.280045,0.564322,0.873083,0.989397,0.942658,0.896601,0.956802,0.979940,0.861009,0.823079,0.903779,0.892148,0.656327,0.277871,0.000000,0.000000,0.000000,0.000000
0.000000,0.000000,0.065964,0.137227,0.376166,0.598000,0.868114,0.980576,0.989663,0.890638,0.894380,0.953508,0.886632,0.858418,0.898762,0.923514,0.865405,0.668692,0.301879,0.063137,0.000000,0.000000,0.000000,0.000000
0.000000,0.184766,0.371926,0.684226,0.941860,1.014580,0.913922,0.904879,0.860172,0.958330,0.889493,0.834405,0.885903,0.926716,0.862893,0.670579,0.373372,0.123175,0.000000,0.000000,0.000000,0.000000,0.000000,0.000000
0.000000,0.307886,0.673646,0.798643,0.824976,0.766202,0.842803,0.965549,0.942721,0.879226,0.900474,0.897709,0.850208,0.665398,0.379264,0.130672,0.000000,0.000000,0.000000,0.000000,0.000000,0.000000,0.000000,0.000000
0.000000,0.124861,0.304666,0.422559,0.510683,0.672148,0.794931,0.873841,0.937599,0.956678,0.911438,0.765164,0.433421,0.134310,0.000000,0.000000,0.000000,0.000000,0.000000,0.000000,0.000000,0.000000,0.000000,0.000000
0.000000,0.000000,0.000000,0.109636,0.538816,0.858359,0.888091,0.936429,0.791999,0.680986,0.498831,0.213610,0.023609,0.000000,0.000000,0.000000,0.000000,0.000000,0.000000,0.000000,0.000000,0.000000,0.000000,0.000000

0.000000,0.000000,0.000000,0.000000,0.000000,0.000000,0.000000,0.000000,0.000000,0.000000,0.000000,0.000000,0.000000,0.000000,0.000000,0.000000,0.000000,0.000000,0.000000,0.000000,0.000000,0.000000,0.000000,0.000000
0.000000,0.000000,0.000000,0.000000,0.000000,0.000000,0.000000,0.000000,0.000000,0.000000,0.000000,0.000000,0.067634,0.124498,0.178350,0.123018,0.176068,0.325274,0.284267,0.285786,0.141494,0.048993,0.000000,0.000000
0.000000,0.000000,0.000000,0.000000,0.000000,0.000000,0.038128,0.138235,0.190446,0.335199,0.412539,0.434143,0.632319,0.712883,0.809022,0.679627,0.923063,1.081592,1.053166,0.865525,0.658330,0.493228,0.232459,0.017740
0.000000,0.000000,0.000000,0.000000,0.211127,0.345576,0.500330,0.746453,0.848465,1.058033,1.214204,1.325937,1.465263,1.530800,1.362631,1.207516,1.414265,1.337097,1.155958,0.853330,0.832571,0.744995,0.445633,0.095873
0.000000,0.000000,0.000000,0.010401,0.488394,0.784456,1.023788,1.385994,1.559016,1.633991,1.655547,1.679759,1.756757,1.718683,1.239051,1.116062,1.074766,0.606382,0.220396,0.209598,0.423834,0.466717,0.250532,0.000000
0.000000,0.000000,0.000000,0.000000,0.371190,0.614221,0.767748,1.254010,1.639956,1.564947,1.335730,1.137511,1.125847,1.103501,0.597042,0.621495,0.428250,0.000000,0.000000,0.000000,0.000000,0.000000,0.000000,0.000000
0.000000,0.000000,0.000000,0.000000,0.000000,0.000000,0.000000,0.470082,0.999550,0.902605,0.605550,0.465464,0.263745,0.117779,0.000000,0.058516,0.145840,0.000000,0.000000,0.000000,0.000000,0.000000,0.000000,0.000000
0.000000,0.000000,0.000000,0.000000,0.000000,0.000000,0.000000,0.000000,0.294522,0.263279,0.131256,0.331703,0.115184,0.000000,0.000000,0.000000,0.031013,0.000000,0.000000,0.000000,0.000000,0.000000,0.000000,0.000000
0.000000,0.000000,0.000000,0.000000,0.000000,0.000000,0.000000,0.000000,0.000000,0.082227,0.202072,0.632566,0.457913,0.000000,0.000000,0.000000,0.000000,0.000000,0.000000,0.000000,0.000000,0.000000,0.000000,0.000000
0.000000,0.000000,0.000000,0.000000,0.000000,0.000000,0.000000,0.000000,0.000000,0.064254,0.517825,0.860689,0.970749,0.335627,0.029006,0.000000,0.000000,0.000000,0.000000,0.000000,0.000000,0.000000,0.000000,0.000000
0.000000,0.000000,0.000000,0.000000,0.000000,0.000000,0.000000,0.000000,0.000000,0.000000,0.412189,0.961214,1.327179,1.107761,0.585193,0.276991,0.045818,0.000000,0.000000,0.000000,0.000000,0.000000,0.000000,0.000000
0.000000,0.000000,0.000000,0.000000,0.000000,0.000000,0.000000,0.000000,0.000000,0.000000,0.002488,0.583198,1.213851,1.397187,1.298709,0.892985,0.475663,0.093526,0.000000,0.000000,0.000000,0.000000,0.000000,0.000000
0.000000,0.000000,0.000000,0.000000,0.000000,0.000000,0.000000,0.000000,0.000000,0.000000,0.000000,0.000000,0.419468,0.998083,1.429193,1.408901,1.014930,0.522880,0.158717,0.000000,0.000000,0.000000,0.000000,0.000000
0.000000,0.000000,0.000000,0.000000,0.000000,0.000000,0.000000,0.000000,0.000000,0.000000,0.000000,0.000000,0.000000,0.293223,0.879061,1.324995,1.264021,0.971314,0.550250,0.095506,0.000000,0.000000,0.000000,0.000000
0.000000,0.000000,0.000000,0.000000,0.000000,0.000000,0.000000,0.000000,0.000000,0.000000,0.000000,0.000000,0.000000,0.135895,0.485305,0.914710,1.001006,1.099364,0.825799,0.314157,0.000000,0.000000,0.000000,0.000000
0.000000,0.000000,0.000000,0.000000,0.000000,0.000000,0.000000,0.000000,0.000000,0.085455,0.243346,0.370301,0.477881,0.622387,0.662458,0.758807,0.737880,0.986305,0.814681,0.328346,0.000000,0.000000,0.000000,0.000000
0.000000,0.000000,0.000000,0.000000,0.000000,0.000000,0.000000,0.047243,0.240082,0.508349,0.800345,1.050861,1.196183,1.128589,0.900595,0.724966,0.711503,0.743277,0.673700,0.221797,0.000000,0.000000,0.000000,0.000000
0.000000,0.000000,0.000000,0.000000,0.000000,0.002649,0.191209,0.445061,0.727756,1.034370,1.211028,1.278600,1.255678,0.993263,0.761689,0.417264,0.477240,0.471286,0.353739,0.010602,0.000000,0.000000,0.000000,0.000000
0.000000,0.000000,0.000000,0.096867,0.243499,0.396032,0.742136,0.974165,1.168298,1.220652,1.140902,0.988723,0.793240,0.479332,0.222233,0.034094,0.126358,0.105065,0.013151,0.000000,0.000000,0.000000,0.000000,0.000000
0.000000,0.114936,0.248593,0.551559,0.809577,1.022395,1.265626,1.380806,1.223237,0.962574,0.774269,0.493535,0.202916,0.000000,0.000000,0.000000,0.000000,0.000000,0.000000,0.000000,0.000000,0.000000,0.000000,0.000000
0.126547,0.481940,0.737982,1.076958,1.265328,1.286785,1.301720,1.132280,0.816311,0.583663,0.286472,0.089096,0.000000,0.000000,0.000000,0.000000,0.000000,0.000000,0.000000,0.000000,0.000000,0.000000,0.000000,0.000000
0.126957,0.404013,0.560357,0.701583,0.803295,0.802367,0.714808,0.475178,0.191756,0.024301,0.000000,0.000000,0.000000,0.000000,0.000000,0.000000,0.000000,0.000000,0.000000,0.000000,0.000000,0.000000,0.000000,0.000000
0.000000,0.000000,0.000000,0.000000,0.000000,0.000000,0.000000,0.000000,0.000000,0.000000,0.000000,0.000000,0.000000,0.000000,0.000000,0.000000,0.000000,0.000000,0.000000,0.000000,0.000000,0.000000,0.000000,0.000000
0.000000,0.000000,0.000000,0.000000,0.000000,0.000000,0.000000,0.000000,0.000000,0.000000,0.000000,0.000000,0.000000,0.000000,0.000000,0.000000,0.000000,0.000000,0.000000,0.000000,0.000000,0.000000,0.000000,0.000000

0.000000,0.000000,0.000000,0.000000,0.000000,0.000000,0.000000,0.000000,0.000000,0.000000,0.000000,0.000000,0.000000,0.000000,0.000000,0.000000,0.000000,0.000000,0.000000,0.000000,0.000000,0.000000,0.000000,0.000000
0.000000,0.000000,0.000000,0.000000,0.000000,0.000000,0.000000,0.000000,0.001921,0.015878,0.025068,0.034882,0.133177,0.212864,0.313822,0.250512,0.448437,0.528730,0.646324,0.462845,0.489571,0.459777,0.336134,0.151156
0.000000,0.000000,0.000000,0.000000,0.024370,0.044207,0.113062,0.205016,0.321421,0.466135,0.598066,0.706562,0.783638,0.844476,0.740943,0.446258,0.480013,0.543488,0.514984,0.100907,0.000000,0.000000,0.000000,0.006494
0.000000,0.000000,0.000000,0.040168,0.236085,0.364137,0.498383,0.592864,0.735941,0.654151,0.494423,0.340563,0.175838,0.066527,0.000000,0.000000,0.000000,0.000000,0.000000,0.000000,0.000000,0.000000,0.000000,0.000000
0.000000,0.000000,0.000000,0.038114,0.288619,0.322110,0.183392,0.000000,0.000000,0.000000,0.000000,0.000000,0.000000,0.000000,0.000000,0.000000,0.000000,0.000000,0.000000,0.000000,0.000000,0.000000,0.000000,0.000000
0.000000,0.000000,0.000000,0.006255,0.142467,0.088309,0.000000,0.000000,0.000000,0.000000,0.000000,0.000000,0.000000,0.000000,0.000000,0.000000,0.000000,0.268059,0.766414,1.012730,1.170419,0.910316,0.505278,0.167289
0.000000,0.000000,0.000000,0.000000,0.035481,0.167094,0.000000,0.000000,0.000000,0.000000,0.000000,0.000000,0.312367,0.650526,0.620684,0.343759,0.246771,0.864956,1.442733,1.405574,1.196007,0.769021,0.356275,0.074337
0.000000,0.000000,0.000000,0.004936,0.079749,0.495157,0.958508,1.385632,1.520385,1.141731,0.597333,0.356074,0.903146,1.543059,1.807005,1.306915,0.701684,0.401321,0.460431,0.380394,0.259355,0.136209,0.045075,0.000000
0.000000,0.000000,0.000000,0.002062,0.045633,0.357212,0.857676,1.400398,1.896788,1.805468,1.044556,0.356451,0.613011,1.353294,1.450014,1.182238,0.789666,0.327739,0.000000,0.000000,0.000000,0.000000,0.000000,0.000000
0.000000,0.000000,0.000000,0.000000,0.011138,0.116703,0.336072,0.554878,1.030223,1.396088,0.941401,0.022941,0.000000,0.178393,0.606833,0.548587,0.460403,0.180875,0.000000,0.000000,0.000000,0.000000,0.000000,0.000000
0.000000,0.000000,0.000000,0.000000,0.000000,0.001476,0.016327,0.032033,0.310010,0.917774,1.050996,0.373647,0.000000,0.000000,0.000000,0.235580,0.295061,0.149243,0.029295,0.000000,0.000000,0.000000,0.000000,0.000000
0.000000,0.000000,0.000000,0.000000,0.000000,0.000000,0.000000,0.018759,0.190104,0.664104,1.190104,0.932773,0.000000,0.000000,0.000000,0.000000,0.000000,0.266176,0.173821,0.031684,0.000000,0.000000,0.000000,0.000000
0.000000,0.000000,0.000000,0.000000,0.000000,0.000000,0.000000,0.001037,0.037170,0.275595,0.769598,1.078247,0.684303,0.000000,0.000000,0.000000,0.000000,0.000000,0.185140,0.208086,0.000000,0.000000,0.000000,0.000000
0.000000,0.000000,0.000000,0.000000,0.000000,0.000000,0.000000,0.000000,0.004551,0.069104,0.397926,0.904339,1.309685,1.381676,0.488978,0.000000,0.000000,0.000000,0.000000,0.150818,0.075889,0.000000,0.000000,0.000000
0.000000,0.000000,0.000000,0.000000,0.000000,0.000000,0.000000,0.000000,0.000000,0.011285,0.165578,0.590191,1.220734,1.996866,2.049400,1.231448,0.000000,0.000000,0.000000,0.000000,0.000000,0.000000,0.000000,0.000000
0.000000,0.000000,0.000000,0.000000,0.000000,0.000000,0.000000,0.000000,0.031853,0.141783,0.314894,0.550670,0.901765,1.371251,1.765269,1.524840,0.378146,0.000000,0.000000,0.000000,0.000000,0.000000,0.000000,0.000000
0.000000,0.000000,0.000000,0.000000,0.000000,0.000000,0.019382,0.106090,0.272608,0.453160,0.557674,0.544116,0.386214,0.081331,0.000000,0.000000,0.000000,0.000000,0.000000,0.000000,0.013832,0.000000,0.000000,0.000000
0.000000,0.000000,0.000000,0.000000,0.018550,0.065686,0.234349,0.409011,0.556766,0.535447,0.402902,0.000000,0.000000,0.000000,0.000000,0.000000,0.000000,0.000000,0.000000,0.033165,0.074938,0.000000,0.000000,0.000000
0.000000,0.000000,0.014393,0.150513,0.287877,0.449246,0.601862,0.714295,0.509678,0.062447,0.000000,0.000000,0.000000,0.000000,0.000000,0.026939,0.563990,0.723847,0.621175,0.300001,0.001768,0.000000,0.000000,0.000000
0.045156,0.169656,0.313555,0.517871,0.623901,0.631322,0.390772,0.098361,0.000000,0.000000,0.000000,0.000000,0.000000,0.140894,0.708988,1.174188,1.372994,1.119809,0.647891,0.212454,0.000000,0.000000,0.000000,0.000000
0.139129,0.342551,0.419256,0.341312,0.202532,0.000000,0.000000,0.000000,0.000000,0.000000,0.000000,0.000000,0.673014,1.179091,1.400750,1.233494,0.810956,0.377763,0.090724,0.000000,0.000000,0.000000,0.000000,0.000000
0.063148,0.058080,0.000000,0.000000,0.000000,0.000000,0.000000,0.000000,0.000000,0.000000,0.474364,0.929629,1.267828,1.232260,0.814497,0.384995,0.097888,0.001768,0.000000,0.000000,0.000000,0.000000,0.000000,0.000000
0.000000,0.000000,0.000000,0.000000,0.000000,0.000000,0.000000,0.515732,0.947708,1.265019,1.314099,1.248179,0.832346,0.391325,0.109504,0.009961,0.000000,0.000000,0.000000,0.000000,0.000000,0.000000,0.000000,0.000000
0.000000,0.143837,0.554442,1.045216,1.522089,1.819443,1.855702,1.820142,1.690357,1.398819,1.009297,0.550148,0.175192,0.012302,0.000000,0.000000,0.000000,0.000000,0.000000,0.000000,0.000000,0.000000,0.000000,0.000000

0.162880,0.162880,0.162880,0.162880,0.162880,0.162880,0.162880,0.162880,0.162880,0.162880,0.162880,0.162880,0.162880,0.162880,0.162880,0.162880,0.162880,0.162880,0.162880,0.162880,0.162880,0.162880,0.162880,0.162880
0.162880,0.162880,0.162880,0.162880,0.162880,0.162880,0.162880,0.162880,0.157054,0.119694,0.069649,0.017139,0.000000,0.000000,0.000000,0.000000,0.000000,0.000000,0.000000,0.000000,0.000000,0.000000,0.000000,0.000000
0.162880,0.162880,0.162880,0.162880,0.104622,0.010662,0.000000,0.000000,0.000000,0.000000,0.000000,0.000000,0.000000,0.000000,0.000000,0.000000,0.000000,0.000000,0.000000,0.000000,0.000000,0.000000,0.000000,0.000000
0.162880,0.162880,0.162880,0.067725,0.000000,0.000000,0.000000,0.000000,0.000000,0.000000,0.000000,0.000000,0.000000,0.000000,0.000000,0.000000,0.000000,0.000000,0.000000,0.000000,0.000000,0.000000,0.000000,0.104010
0.162880,0.162880,0.162880,0.048128,0.000000,0.000000,0.000000,0.000000,0.000000,0.000000,0.000000,0.000000,0.000000,0.000000,0.000000,0.000000,0.000000,0.794787,1.554045,1.555163,1.262212,0.846979,0.477029,0.255898
0.162880,0.162880,0.162880,0.179941,0.000000,0.000000,0.000000,0.000000,0.000000,0.000000,0.000000,0.000000,0.135040,0.671024,1.263360,1.243371,1.619364,2.319749,2.941861,2.508647,1.881984,1.194857,0.652158,0.318289
0.162880,0.162880,0.162880,0.249518,0.727730,1.119486,1.605071,1.553088,0.958770,0.756139,1.083256,1.746449,2.680175,3.312552,3.168692,2.677343,2.250741,1.992211,1.916649,1.496691,1.076206,0.661147,0.399189,0.218525
0.162880,0.162880,0.162880,0.265597,1.030554,1.957404,2.708583,2.836422,2.292004,1.640055,1.360358,1.326569,2.043963,2.944518,2.662399,2.002147,1.451899,0.947940,0.559665,0.425114,0.325775,0.235549,0.196789,0.162880
0.162880,0.162880,0.162880,0.191220,0.648292,1.296094,1.832842,2.215638,2.136502,1.401316,0.701835,0.220808,0.312514,1.264380,1.426985,1.082742,0.693393,0.480672,0.162880,0.162880,0.162880,0.162880,0.162880,0.162880
0.162880,0.162880,0.162880,0.162880,0.288837,0.548244,0.709235,1.353434,1.862515,1.390036,0.176260,0.000000,0.000000,0.000000,0.000000,0.000000,0.153710,0.295493,0.162880,0.162880,0.162880,0.162880,0.162880,0.162880
0.162880,0.162880,0.162880,0.162880,0.162880,0.184922,0.185431,0.635221,1.545282,1.626469,0.461531,0.000000,0.000000,0.000000,0.000000,0.000000,0.000000,0.000000,0.130806,0.162880,0.162880,0.162880,0.162880,0.162880
0.162880,0.162880,0.162880,0.162880,0.162880,0.162880,0.162880,0.397354,1.092500,1.887713,1.541078,0.469506,0.000000,0.000000,0.000000,0.000000,0.000000,0.000000,0.000000,0.128241,0.162880,0.162880,0.162880,0.162880
0.162880,0.162880,0.162880,0.162880,0.162880,0.162880,0.162880,0.180199,0.528224,1.344673,1.959289,1.832482,1.224334,0.000000,0.000000,0.000000,0.000000,0.000000,0.000000,0.000000,0.162880,0.162880,0.162880,0.162880
0.162880,0.162880,0.162880,0.162880,0.162880,0.162880,0.162880,0.162880,0.217986,0.709821,1.460367,2.220929,2.540818,1.678548,0.109126,0.000000,0.000000,0.000000,0.000000,0.000000,0.080771,0.162880,0.162880,0.162880
0.162880,0.162880,0.162880,0.162880,0.162880,0.162880,0.162880,0.162880,0.162880,0.290411,0.636701,1.022087,1.354932,0.851925,0.000000,0.000000,0.000000,0.000000,0.000000,0.000000,0.094015,0.162880,0.162880,0.162880
0.162880,0.162880,0.162880,0.162880,0.162880,0.162880,0.162880,0.162880,0.087145,0.000000,0.000000,0.000000,0.000000,0.000000,0.000000,0.000000,0.000000,0.000000,0.000000,0.000000,0.164552,0.162880,0.162880,0.162880
0.162880,0.162880,0.162880,0.162880,0.162880,0.162880,0.116273,0.000000,0.000000,0.000000,0.000000,0.000000,0.000000,0.000000,0.000000,0.000000,0.312866,0.678605,0.526824,0.382910,0.207986,0.162880,0.162880,0.162880
0.162880,0.162880,0.162880,0.162880,0.118216,0.000000,0.000000,0.000000,0.000000,0.000000,0.000000,0.000000,0.000000,0.000000,0.401494,1.874485,1.984492,1.709225,1.088835,0.576663,0.219931,0.162880,0.162880,0.162880
0.162880,0.162880,0.127925,0.000000,0.000000,0.000000,0.000000,0.000000,0.000000,0.000000,0.000000,0.000000,0.251254,1.750121,2.690594,3.012244,2.405248,1.581683,0.855681,0.472023,0.164619,0.162880,0.162880,0.162880
0.056074,0.000000,0.000000,0.000000,0.000000,0.000000,0.000000,0.000000,0.000000,0.000000,0.000468,1.590352,2.682864,3.156438,3.044515,2.475219,1.651653,1.014327,0.546976,0.321121,0.162880,0.162880,0.162880,0.162880
0.000000,0.000000,0.000000,0.000000,0.000000,0.000000,0.000000,0.000000,0.022901,1.444387,2.463789,2.974363,2.984817,2.515096,1.818630,1.164698,0.679496,0.387004,0.230697,0.162880,0.162880,0.162880,0.162880,0.162880
0.000000,0.000000,0.000000,0.000000,0.000000,0.522856,1.350549,2.263237,2.939925,3.125364,3.042726,2.559812,1.832358,1.174976,0.690586,0.394093,0.234535,0.164619,0.162880,0.162880,0.162880,0.162880,0.162880,0.162880
0.369718,0.848142,1.419492,2.234192,2.905981,3.338809,3.544978,3.565508,3.280415,2.736312,1.953037,1.264941,0.736804,0.402537,0.237970,0.170705,0.162880,0.162880,0.162880,0.162880,0.162880,0.162880,0.162880,0.162880
0.442657,1.122863,1.869272,2.485031,2.866112,2.938905,2.800052,2.493494,1.969758,1.347959,0.851375,0.484173,0.285281,0.172444,0.162880,0.162880,0.162880,0.162880,0.162880,0.162880,0.162880,0.162880,0.162880,0.162880

0.000000,0.000000,0.000000,0.000000,0.000000,0.000000,0.000000,0.000000,0.000000,0.000000,0.000000,0.000000,0.000000,0.000000,0.000000,0.000000,0.000000,0.000000,0.000000,0.000000,0.000000,0.000000,0.000000,0.000000
0.000000,0.000000,0.000000,0.000000,0.000000,0.000000,0.000000,0.000000,0.000000,0.001243,0.024728,0.046861,0.066082,0.206425,0.345052,0.577636,0.413227,0.480144,0.527112,0.869285,0.809683,0.468978,0.138958,0.000000
0.000000,0.000000,0.000000,0.000000,0.000000,0.036692,0.078169,0.206514,0.359921,0.558426,0.798254,0.922545,1.147756,1.310801,1.500271,1.306837,0.895830,1.033104,1.388095,1.614076,0.628926,0.000000,0.000000,0.000000
0.000000,0.000000,0.000000,0.000000,0.089372,0.460274,0.886548,1.341251,1.459398,1.615594,1.629519,1.571623,1.596184,1.460864,1.373845,0.676721,0.319940,0.422475,0.582254,0.095118,0.000000,0.000000,0.000000,0.000000
0.000000,0.000000,0.000000,0.051210,0.409436,1.143327,1.715870,1.890271,1.428916,1.353767,1.173431,0.865949,0.695567,0.519811,0.271084,0.000000,0.000000,0.000000,0.000000,0.000000,0.000000,0.000000,0.000000,0.000000
0.000000,0.000000,0.000000,0.084198,0.640736,1.228755,1.449970,1.061935,0.423365,0.379386,0.356525,0.000000,0.000000,0.000000,0.000000,0.000000,0.000000,0.000000,0.000000,0.000000,0.000000,0.000000,0.000000,0.000000
0.000000,0.000000,0.000000,0.064646,0.620718,0.907839,0.653669,0.174525,0.000000,0.000000,0.000000,0.000000,0.000000,0.000000,0.000000,0.000000,0.000000,0.000000,0.000000,0.000000,0.000000,0.000000,0.000000,0.000000
0.000000,0.000000,0.000000,0.058618,0.511773,0.622020,0.069483,0.000000,0.000000,0.000000,0.000000,0.000000,0.000000,0.000000,0.000000,0.000000,0.000000,0.000000,0.000000,0.000000,0.000000,0.000000,0.000000,0.000000
0.000000,0.000000,0.000000,0.014387,0.268417,0.353104,0.027140,0.117525,0.491094,0.413596,0.000000,0.000000,0.000000,0.000000,0.000000,0.000000,0.000000,0.000000,0.000000,0.000000,0.000000,0.000000,0.000000,0.000000
0.000000,0.000000,0.000000,0.000000,0.071685,0.149676,0.028125,0.344263,0.773508,0.572703,0.000000,0.000000,0.000000,0.000000,0.130065,0.000000,0.000000,0.000000,0.000000,0.000000,0.000000,0.000000,0.000000,0.000000
0.000000,0.000000,0.000000,0.000000,0.000000,0.010690,0.000000,0.264875,0.716044,0.665163,0.062878,0.000000,0.000000,0.000000,0.219362,0.097500,0.000000,0.008521,0.000000,0.000000,0.000000,0.000000,0.000000,0.000000
0.000000,0.000000,0.000000,0.000000,0.000000,0.000000,0.000000,0.135732,0.435064,0.676822,0.248070,0.000000,0.018615,0.000000,0.000000,0.000000,0.000000,0.000000,0.000000,0.000000,0.000000,0.000000,0.000000,0.000000
0.000000,0.000000,0.000000,0.000000,0.000000,0.000000,0.000000,0.007918,0.203041,0.528625,0.438036,0.063765,0.000000,0.000000,0.000000,0.000000,0.000000,0.000000,0.000000,0.000000,0.000000,0.000000,0.000000,0.000000
0.000000,0.000000,0.000000,0.000000,0.000000,0.000000,0.000000,0.000000,0.030098,0.288686,0.428139,0.308846,0.027344,0.000000,0.000000,0.000000,0.000000,0.000000,0.000000,0.000000,0.000000,0.000000,0.000000,0.000000
0.000000,0.000000,0.000000,0.000000,0.000000,0.000000,0.000000,0.000000,0.000000,0.072609,0.252798,0.394462,0.459082,0.672217,0.909164,0.706664,0.000000,0.000000,0.000000,0.000000,0.000000,0.000000,0.000000,0.000000
0.000000,0.000000,0.000000,0.000000,0.000000,0.000000,0.000000,0.000000,0.000000,0.045539,0.326306,0.940169,1.579314,2.244017,1.990367,0.990706,0.000000,0.000000,0.000000,0.000000,0.000000,0.000000,0.000000,0.000000
0.000000,0.000000,0.000000,0.000000,0.000000,0.000000,0.000000,0.026518,0.214404,0.690377,1.390436,1.997840,2.134697,2.174495,1.579671,0.298531,0.000000,0.000000,0.000000,0.000000,0.000000,0.000000,0.000000,0.000000
0.000000,0.000000,0.000000,0.000000,0.000000,0.026530,0.133021,0.556731,1.208947,1.958433,2.214741,1.939183,1.289680,0.765592,0.000000,0.000000,0.000000,0.000000,0.000000,0.000000,0.000000,0.000000,0.000000,0.000000
0.000000,0.000000,0.000000,0.016931,0.265719,0.625268,1.257743,1.821917,2.225093,2.117320,1.480704,0.693589,0.000000,0.000000,0.000000,0.000000,0.000000,0.000000,0.000000,0.000000,0.000000,0.000000,0.000000,0.000000
0.000000,0.066173,0.304653,0.798560,1.453865,1.905067,2.121940,1.917441,1.628835,0.978802,0.000000,0.000000,0.000000,0.000000,0.000000,0.000000,0.000000,0.000000,0.000000,0.000000,0.000000,0.000000,0.000000,0.000000
0.054512,0.463279,1.144150,1.932512,2.131583,1.716088,1.235088,0.683695,0.000000,0.000000,0.000000,0.000000,0.000000,0.000000,0.000000,0.000000,0.000000,0.000000,0.000000,0.000000,0.000000,0.000000,0.000000,0.000000
0.222304,0.786340,1.244280,1.259493,0.548238,0.000000,0.000000,0.000000,0.000000,0.000000,0.000000,0.000000,0.000000,0.000000,0.000000,0.000000,0.000000,0.000000,0.000000,0.000000,0.000000,0.000000,0.000000,0.000000
0.230278,0.544179,0.437048,0.074166,0.000000,0.000000,0.000000,0.000000,0.000000,0.000000,0.000000,0.000000,0.000000,0.000000,0.000000,0.000000,0.000000,0.000000,0.000000,0.000000,0.000000,0.000000,0.000000,0.000000
0.166317,0.360517,0.191441,0.000000,0.000000,0.000000,0.000000,0.000000,0.000000,0.000000,0.000000,0.000000,0.000000,0.000000,0.000000,0.000000,0.000000,0.000000,0.000000,0.000000,0.000000,0.000000,0.000000,0.000000

0.000000,0.000000,0.000000,0.000000,0.000000,0.000000,0.000000,0.000000,0.000000,0.000000,0.000000,0.000000,0.000000,0.000000,0.000000,0.000000,0.000000,0.000000,0.000000,0.000000,0.000000,0.000000,0.000000,0.000000
0.000000,0.000000,0.000000,0.000000,0.000000,0.000000,0.000000,0.000000,0.000000,0.000000,0.000000,0.000000,0.000000,0.000000,0.000000,0.000000,0.000000,0.000000,0.000000,0.000000,0.000000,0.000000,0.000000,0.000000
0.000000,0.000000,0.000000,0.000000,0.000000,0.000000,0.000000,0.000000,0.000000,0.000000,0.000000,0.000000,0.000000,0.000000,0.000000,0.000000,0.000000,0.000000,0.000000,0.000000,0.198040,0.452792,0.275822,0.000000
0.000000,0.000000,0.000000,0.000000,0.000000,0.000000,0.000000,0.000000,0.000000,0.000000,0.000000,0.000000,0.000000,0.000000,0.000000,0.122950,0.000000,0.000000,0.000000,0.320047,0.951151,0.822262,0.352568,0.000000
0.000000,0.000000,0.000000,0.000000,0.000000,0.000000,0.000000,0.000000,0.000000,0.000000,0.000000,0.000000,0.000000,0.000000,0.392785,1.173808,0.788408,0.515229,0.405245,1.120037,1.060117,0.439434,0.000000,0.000000
0.000000,0.000000,0.000000,0.000000,0.000000,0.000000,0.000000,0.000000,0.000000,0.000000,0.473792,0.924916,1.015896,0.665668,1.238561,1.379435,0.999955,0.698399,0.658860,0.890085,0.000000,0.000000,0.000000,0.000000
0.000000,0.000000,0.000000,0.000000,0.000000,0.000000,0.104151,0.379542,0.161842,0.377715,1.103685,1.560563,1.179699,0.410366,0.700837,0.584825,0.352751,0.000000,0.000000,0.000000,0.000000,0.000000,0.000000,0.000000
0.000000,0.000000,0.000000,0.000000,0.000000,0.317238,0.878520,0.383845,0.000000,0.000000,0.618951,1.297366,0.818361,0.110292,0.069476,0.000000,0.000000,0.000000,0.000000,0.000000,0.000000,0.000000,0.000000,0.000000
0.000000,0.000000,0.000000,0.000000,0.070077,0.366094,0.754624,0.138408,0.000000,0.000000,0.302888,0.567029,0.394176,0.000000,0.000000,0.000000,0.000000,0.000000,0.000000,0.000000,0.000000,0.000000,0.000000,0.000000
0.000000,0.000000,0.000000,0.000000,0.000000,0.078308,0.181171,0.008542,0.000000,0.000000,0.000000,0.000000,0.000000,0.000000,0.170248,0.000000,0.000000,0.000000,0.000000,0.000000,0.000000,0.000000,0.000000,0.000000
0.000000,0.000000,0.000000,0.000000,0.000000,0.000000,0.000000,0.000000,0.000000,0.000000,0.000000,0.000000,0.000000,0.000000,0.191365,0.205043,0.044433,0.000000,0.000000,0.000000,0.000000,0.000000,0.000000,0.000000
0.000000,0.000000,0.000000,0.000000,0.000000,0.000000,0.000000,0.000000,0.151051,0.074915,0.000000,0.000000,0.000000,0.000000,0.048989,0.390178,0.377987,0.089340,0.000000,0.000000,0.000000,0.000000,0.000000,0.000000
0.000000,0.000000,0.000000,0.000000,0.000000,0.000000,0.000000,0.000000,0.044143,0.148872,0.088076,0.000000,0.000000,0.000000,0.000000,0.040318,0.311158,0.473319,0.148723,0.000000,0.000000,0.000000,0.000000,0.000000
0.000000,0.000000,0.000000,0.000000,0.000000,0.000000,0.000000,0.000000,0.000000,0.116384,0.285079,0.338528,0.000000,0.000000,0.000000,0.000000,0.000000,0.609047,0.518667,0.124305,0.000000,0.000000,0.000000,0.000000
0.000000,0.000000,0.000000,0.000000,0.000000,0.000000,0.000000,0.000000,0.000000,0.000000,0.125421,0.178744,0.103453,0.000000,0.000000,0.000000,0.000000,0.661989,0.617085,0.303660,0.000000,0.000000,0.000000,0.000000
0.000000,0.000000,0.000000,0.000000,0.000000,0.000000,0.000000,0.000000,0.000000,0.000000,0.000000,0.000000,0.000000,0.000000,0.000000,0.000000,0.357920,0.640029,0.460299,0.043995,0.000000,0.000000,0.000000,0.000000
0.000000,0.000000,0.000000,0.000000,0.000000,0.000000,0.000000,0.000000,0.000000,0.000000,0.000000,0.000000,0.000000,0.000000,0.403074,1.207654,1.661975,0.667989,0.000000,0.000000,0.000000,0.000000,0.000000,0.000000
0.000000,0.000000,0.000000,0.000000,0.000000,0.000000,0.000000,0.000000,0.000000,0.000000,0.000000,0.000000,0.000000,0.779006,1.594094,2.131782,1.820310,0.318178,0.000000,0.000000,0.000000,0.000000,0.000000,0.000000
0.000000,0.000000,0.000000,0.000000,0.000000,0.000000,0.000000,0.000000,0.000000,0.000000,0.000000,0.690782,1.471171,1.881771,1.840274,1.410930,0.475013,0.000000,0.000000,0.000000,0.000000,0.000000,0.000000,0.000000
0.000000,0.000000,0.000000,0.000000,0.000000,0.000000,0.000000,0.000000,0.000000,0.534391,1.518678,2.013407,1.893532,1.357625,0.746238,0.135230,0.000000,0.000000,0.000000,0.000000,0.000000,0.000000,0.000000,0.000000
0.000000,0.000000,0.000000,0.000000,0.000000,0.000000,0.000000,0.423168,1.244892,1.946756,2.021283,1.538688,0.813715,0.171020,0.000000,0.000000,0.000000,0.000000,0.000000,0.000000,0.000000,0.000000,0.000000,0.000000
0.000000,0.000000,0.000000,0.000000,0.000000,0.676716,1.301244,1.583695,1.772696,1.610592,0.943422,0.246793,0.000000,0.000000,0.000000,0.000000,0.000000,0.000000,0.000000,0.000000,0.000000,0.000000,0.000000,0.000000
0.000000,0.000000,0.000000,0.498694,1.145433,1.502499,1.259119,0.889670,0.692119,0.257509,0.000000,0.000000,0.000000,0.000000,0.000000,0.000000,0.000000,0.000000,0.000000,0.000000,0.000000,0.000000,0.000000,0.000000
0.000000,0.110507,0.605984,1.002461,0.807960,0.360796,0.085081,0.000000,0.000000,0.000000,0.000000,0.000000,0.000000,0.000000,0.000000,0.000000,0.000000,0.000000,0.000000,0.000000,0.000000,0.000000,0.000000,0.000000

0.000000,0.000000,0.000000,0.000000,0.000000,0.000000,0.000000,0.000000,0.000000,0.000000,0.000000,0.000000,0.000000,0.000000,0.000000,0.000000,0.000000,0.000000,0.000000,0.000000,0.000000,0.000000,0.000000,0.000000
0.000000,0.000000,0.000000,0.000000,0.000000,0.000000,0.000000,0.000000,0.000000,0.000000,0.000000,0.000000,0.000000,0.000000,0.029493,0.000000,0.000000,0.000000,0.000000,0.000000,0.000000,0.000000,0.000000,0.000000
0.000000,0.000000,0.000000,0.000000,0.000000,0.000000,0.000000,0.000000,0.000000,0.015499,0.000000,0.000000,0.000000,0.000000,0.000000,0.000000,0.000000,0.000000,0.000000,0.000000,0.000000,0.000000,0.000000,0.000000
0.000000,0.000000,0.000000,0.000000,0.040987,0.270164,0.354805,0.098095,0.000000,0.000000,0.000000,0.000000,0.000000,0.000000,0.000000,0.000000,0.000000,0.000000,0.000000,0.269506,0.000000,0.000000,0.000000,0.000000
0.000000,0.000000,0.000000,0.000000,0.033798,0.631007,0.982362,0.538631,0.000000,0.000000,0.000000,0.000000,0.000000,0.000000,0.000000,0.000000,0.000000,0.000000,0.152266,0.811456,0.423423,0.000000,0.000000,0.000000
0.000000,0.000000,0.000000,0.000000,0.000000,0.529821,1.236945,1.184901,0.277866,0.000000,0.000000,0.000000,0.000000,0.000000,0.595906,0.335443,0.000000,0.000000,0.000000,0.564765,0.761533,0.419691,0.000000,0.000000
0.000000,0.000000,0.000000,0.000000,0.000000,0.000000,0.812271,1.130018,0.805348,0.756900,0.533771,0.000000,0.000000,0.000000,1.401713,0.933258,0.000000,0.000000,0.000000,0.354048,0.435141,0.236717,0.000000,0.000000
0.000000,0.000000,0.000000,0.000000,0.000000,0.000000,0.000000,0.560542,1.103229,1.654485,1.548309,0.000000,0.000000,0.000000,1.194185,1.002549,0.236098,0.000000,0.000000,0.000000,0.000000,0.000000,0.000000,0.000000
0.000000,0.000000,0.000000,0.000000,0.000000,0.000000,0.000000,0.000000,0.374396,1.773104,2.256962,0.147431,0.000000,0.000000,0.248976,0.698939,0.350791,0.000000,0.000000,0.000000,0.000000,0.000000,0.000000,0.000000
0.000000,0.000000,0.000000,0.000000,0.000000,0.000000,0.000000,0.000000,0.000000,1.076589,2.786253,1.602075,0.000000,0.000000,0.000000,0.000000,0.000000,0.000000,0.000000,0.000000,0.000000,0.000000,0.000000,0.000000
0.000000,0.000000,0.000000,0.000000,0.000000,0.000000,0.000000,0.000000,0.000000,0.036080,2.228397,2.471576,0.750372,0.000000,0.000000,0.000000,0.000000,0.000000,0.000000,0.000000,0.000000,0.000000,0.000000,0.000000
0.000000,0.000000,0.000000,0.000000,0.000000,0.000000,0.000000,0.000000,0.000000,0.000000,0.971786,2.278139,2.073423,0.799467,0.000000,0.000000,0.000000,0.000000,0.000000,0.000000,0.000000,0.000000,0.000000,0.000000
0.000000,0.000000,0.000000,0.000000,0.000000,0.000000,0.000000,0.000000,0.000000,0.000000,0.000000,0.998758,1.868540,2.101367,1.290221,0.022874,0.000000,0.000000,0.000000,0.000000,0.000000,0.000000,0.000000,0.000000
0.000000,0.000000,0.000000,0.000000,0.000000,0.000000,0.000000,0.000000,0.000000,0.000000,0.000000,0.000000,0.532843,1.814416,2.430740,1.952736,0.197282,0.000000,0.000000,0.000000,0.000000,0.000000,0.000000,0.000000
0.000000,0.000000,0.000000,0.000000,0.000000,0.000000,0.000000,0.000000,0.000000,0.000000,0.000000,0.000000,0.000000,0.542169,1.852335,2.336830,1.181287,0.000000,0.000000,0.000000,0.000000,0.000000,0.000000,0.000000
0.000000,0.000000,0.000000,0.000000,0.000000,0.000000,0.000000,0.000000,0.000000,0.000000,0.043728,0.000000,0.000000,0.000000,0.103138,1.069382,1.329454,0.000000,0.000000,0.000000,0.000000,0.000000,0.000000,0.000000
0.000000,0.000000,0.000000,0.000000,0.000000,0.000000,0.000000,0.000000,0.087413,0.266123,0.340561,0.202051,0.000000,0.000000,0.000000,0.000000,0.592575,0.000000,0.000000,0.000000,0.000000,0.000000,0.000000,0.000000
0.000000,0.000000,0.000000,0.000000,0.000000,0.000000,0.040373,0.223284,0.322174,0.295916,0.000000,0.000000,0.000000,0.000000,0.000000,0.000000,0.369018,0.283925,0.000000,0.000000,0.000000,0.000000,0.000000,0.000000
0.000000,0.000000,0.000000,0.000000,0.130943,0.267842,0.182601,0.000000,0.000000,0.000000,0.000000,0.000000,0.000000,0.000000,0.000000,0.000000,0.656641,0.509409,0.088420,0.000000,0.000000,0.000000,0.000000,0.000000
0.000000,0.000000,0.150663,0.229495,0.219593,0.128137,0.000000,0.000000,0.000000,0.000000,0.000000,0.000000,0.000000,0.000000,0.097430,0.200144,0.380702,0.350130,0.137570,0.000000,0.000000,0.000000,0.000000,0.000000
0.000000,0.203068,0.581409,0.572507,0.108794,0.000000,0.000000,0.000000,0.000000,0.000000,0.000000,0.000000,0.000000,0.167778,0.240098,0.326462,0.221114,0.000736,0.000000,0.000000,0.000000,0.000000,0.000000,0.000000
0.000000,0.000000,0.476924,0.591938,0.353602,0.073995,0.000000,0.000000,0.000000,0.094198,0.061583,0.108544,0.158874,0.328773,0.223241,0.001237,0.000000,0.000000,0.000000,0.000000,0.000000,0.000000,0.000000,0.000000
0.000000,0.000000,0.058677,0.294024,0.234267,0.125832,0.175908,0.318068,0.378881,0.473563,0.293090,0.319844,0.187001,0.002021,0.000000,0.000000,0.000000,0.000000,0.000000,0.000000,0.000000,0.000000,0.000000,0.000000
0.000000,0.000000,0.000000,0.000000,0.113183,0.282211,0.194719,0.251069,0.315810,0.417325,0.299560,0.103613,0.000000,0.000000,0.000000,0.000000,0.000000,0.000000,0.000000,0.000000,0.000000,0.000000,0.000000,0.000000

0.100442,0.100442,0.100442,0.100442,0.100442,0.100442,0.100442,0.100442,0.100442,0.100442,0.100442,0.100442,0.100442,0.100442,0.100442,0.100442,0.100442,0.100442,0.100442,0.100442,0.100442,0.100442,0.100442,0.100442
0.100442,0.100442,0.100442,0.100442,0.100442,0.100442,0.100442,0.100442,0.093821,0.056926,0.042053,0.067095,0.000000,0.000000,0.000000,0.209060,0.207081,0.000000,0.000000,0.122427,0.745236,0.771348,0.410277,0.159426
0.100442,0.100442,0.100442,0.100442,0.034236,0.000000,0.000000,0.000000,0.000000,0.000000,0.000000,0.000000,0.000000,0.000000,0.000000,0.239850,0.218563,0.000000,0.000000,0.284923,1.365393,1.369669,0.709275,0.249595
0.100442,0.100442,0.100442,0.000000,0.000000,0.000000,0.000000,0.000000,0.000000,0.000000,0.000000,0.000000,0.000000,0.000000,0.000000,0.711477,0.300794,0.000000,0.000000,0.377140,1.630616,1.496255,0.763077,0.278780
0.100442,0.100442,0.100442,0.000000,0.000000,0.000000,0.000000,0.000000,0.000000,0.000000,0.000000,0.000000,0.000000,0.000000,0.061930,1.559544,0.564891,0.000000,0.000000,0.596894,1.571355,1.243875,0.633044,0.224165
0.100442,0.100442,0.100442,0.000000,0.000000,0.000000,0.000000,0.000000,0.000000,0.000000,0.000000,0.307177,0.000000,0.000000,0.282643,2.030275,1.152987,0.145840,0.073902,0.899567,1.451405,1.074716,0.558513,0.225360
0.100442,0.100442,0.100442,0.000000,0.000000,0.000000,0.000000,0.000000,0.000000,0.000000,0.591897,1.511165,0.552293,0.000000,0.875886,1.966862,1.298484,0.761826,0.481852,0.775583,0.829201,0.549846,0.303788,0.147094
0.100442,0.100442,0.100442,0.000000,0.000000,0.000000,0.000000,0.000000,0.000000,0.000000,1.485730,2.602491,1.301433,0.000000,0.944025,1.512572,0.998831,0.628602,0.266694,0.287812,0.245997,0.166548,0.128870,0.100442
0.100442,0.100442,0.100442,0.071089,0.000000,0.000000,0.000000,0.000000,0.000000,0.000000,1.313654,2.928736,1.949720,0.424034,0.739731,0.897059,0.604902,0.353942,0.100442,0.100442,0.100442,0.100442,0.100442,0.100442
0.100442,0.100442,0.100442,0.100442,0.000000,0.000000,0.034396,0.000000,0.000000,0.000000,0.118338,2.049197,1.914370,1.112208,0.740254,0.565284,0.283328,0.213163,0.100442,0.100442,0.100442,0.100442,0.100442,0.100442
0.100442,0.100442,0.100442,0.100442,0.100442,0.077611,0.100028,0.000000,0.000000,0.000000,0.000000,0.265369,0.872547,1.284130,1.392274,1.048494,0.537865,0.195060,0.112053,0.100442,0.100442,0.100442,0.100442,0.100442
0.100442,0.100442,0.100442,0.100442,0.100442,0.100442,0.100442,0.000000,0.000000,0.000000,0.000000,0.000000,0.000000,0.376448,1.314300,1.652557,1.324691,0.634956,0.235099,0.112982,0.100442,0.100442,0.100442,0.100442
0.100442,0.100442,0.100442,0.100442,0.100442,0.100442,0.100442,0.082504,0.000000,0.000000,0.000000,0.000000,0.000000,0.000000,0.189733,1.209688,1.849974,1.493751,0.709458,0.212682,0.100442,0.100442,0.100442,0.100442
0.100442,0.100442,0.100442,0.100442,0.100442,0.100442,0.100442,0.100442,0.043366,0.000000,0.000000,0.000000,0.000000,0.000000,0.000000,0.266531,1.830047,2.242967,1.383186,0.515386,0.130166,0.100442,0.100442,0.100442
0.100442,0.100442,0.100442,0.100442,0.100442,0.100442,0.100442,0.100442,0.100442,0.000000,0.000000,0.000000,0.000000,0.000000,0.000000,0.000000,1.964350,2.899013,1.784327,0.716000,0.161555,0.100442,0.100442,0.100442
0.100442,0.100442,0.100442,0.100442,0.100442,0.100442,0.100442,0.100442,0.014374,0.000000,0.000000,0.000000,0.000000,0.000000,0.000000,0.000000,2.269141,3.413865,2.083259,0.797354,0.161864,0.100442,0.100442,0.100442
0.100442,0.100442,0.100442,0.100442,0.100442,0.100442,0.047477,0.000000,0.000000,0.000000,0.000000,0.000000,0.000000,0.000000,0.000000,0.000000,2.535102,3.189384,1.837896,0.789328,0.134645,0.100442,0.100442,0.100442
0.100442,0.100442,0.100442,0.100442,0.049684,0.000000,0.000000,0.000000,0.000000,0.000000,0.000000,0.000000,0.000000,0.000000,0.000000,0.704988,2.342452,2.453962,1.356168,0.599276,0.148104,0.100442,0.100442,0.100442
0.100442,0.100442,0.060718,0.000000,0.000000,0.000000,0.000000,0.000000,0.000000,0.000000,0.000000,0.000000,0.000000,0.413347,0.913427,1.385702,1.966988,1.535894,0.793570,0.344605,0.101900,0.100442,0.100442,0.100442
0.000000,0.000000,0.000000,0.000000,0.000000,0.000000,0.000000,0.000000,0.000000,0.000000,0.000000,0.508931,0.967404,1.287635,1.382432,1.330703,1.257975,0.855439,0.440095,0.233109,0.100442,0.100442,0.100442,0.100442
0.000000,0.000000,0.000000,0.000000,0.000000,0.000000,0.000000,0.000000,0.000000,0.337406,1.072784,1.368017,1.401010,1.299838,1.142520,0.898161,0.556968,0.298540,0.157299,0.100442,0.100442,0.100442,0.100442,0.100442
0.000000,0.000000,0.000000,0.000000,0.000000,0.000000,0.000000,0.000000,0.477520,1.222735,1.541617,1.392505,1.183084,0.897894,0.565153,0.304373,0.160782,0.101900,0.100442,0.100442,0.100442,0.100442,0.100442,0.100442
0.000000,0.000000,0.000000,0.000000,0.000000,0.000000,0.120711,0.581756,1.068251,1.318149,1.289063,0.964436,0.591234,0.311429,0.164592,0.107002,0.100442,0.100442,0.100442,0.100442,0.100442,0.100442,0.100442,0.100442
0.000000,0.000000,0.000000,0.000000,0.040238,0.485642,0.529854,0.780013,0.940138,0.962127,0.694662,0.386574,0.204522,0.108460,0.100442,0.100442,0.100442,0.100442,0.100442,0.100442,0.100442,0.100442,0.100442,0.100442
