0.0
0.0
0.0
0.16288000345230103
0.0
0.0
0.0
0.10044199973344803
0.0
0.0
0.0
0.16288000345230103
0.0
0.0
0.0
0.10044199973344803
0.0
0.0
0.0
0.16288000345230103
0.0
0.0
0.0
0.10044199973344803
0.0
0.0
0.0
0.16288000345230103
0.0
0.0
0.0
0.10044199973344803
0.0
0.0
0.015877999365329742
0.16288000345230103
0.001243000035174191
0.0
0.0
0.10044199973344803
0.0
0.0
0.03488200157880783
0.16288000345230103
0.04686100035905838
0.0
0.0
0.10044199973344803
0.022727999836206436
0.12449800223112106
0.2128639966249466
0.16288000345230103
0.2064249962568283
0.0
0.0
0.10044199973344803
0.0
0.17835000157356262
0.3138220012187958
0.16288000345230103
0.5776360034942627
0.0
0.029493000358343124
0.20905999839305878
0.15141600370407104
0.3252739906311035
0.5287299752235413
0.16288000345230103
0.4801439940929413
0.0
0.0
0.20708100497722626
0.05462399870157242
0.2857860028743744
0.6463239789009094
0.16288000345230103
0.869284987449646
0.0
0.0
0.12242700159549713
0.0
0.1414940059185028
0.4895710051059723
0.16288000345230103
0.8096830248832703
0.0
0.0
0.7713479995727539
0.0
0.0
0.3361339867115021
0.16288000345230103
0.13895800709724426
0.0
0.0
0.41027700901031494
0.0
0.0
0.0
0.16288000345230103
0.0
0.0
0.0
0.10044199973344803
0.0
0.0
0.040167998522520065
0.16288000345230103
0.0
0.0
0.0
0.10044199973344803
0.15525199472904205
0.3455759882926941
0.3641369938850403
0.1046219989657402
0.46027401089668274
0.0
0.27016401290893555
0.03423599898815155
0.29436299204826355
0.7464529871940613
0.5928639769554138
0.0
1.341251015663147
0.0
0.35480499267578125
0.0
0.49330198764801025
1.0580329895019531
0.7359409928321838
0.0
1.6155940294265747
0.0
0.015499000437557697
0.0
0.6638810038566589
1.325937032699585
0.7065619826316833
0.0
1.629518985748291
0.0
0.0
0.0
0.8492199778556824
1.5307999849319458
0.8444759845733643
0.0
1.5961840152740479
0.0
0.0
0.0
0.8827289938926697
1.3626309633255005
0.7409430146217346
0.0
1.500270962715149
0.1229500025510788
0.0
0.7114769816398621
0.7009379863739014
1.4142650365829468
0.5434880256652832
0.0
1.0331039428710938
0.0
0.0
0.30079400539398193
0.8774150013923645
1.1559580564498901
0.5149840116500854
0.0
1.614076018333435
0.320046991109848
0.2695060074329376
0.37713998556137085
0.24621300399303436
0.8325710296630859
0.0
0.0
0.6289259791374207
0.9511510133743286
0.0
1.6306159496307373
0.0
0.4456329941749573
0.0064940000884234905
0.10401000082492828
0.0
0.35256800055503845
0.0
0.7630770206451416
0.0
0.0
0.0
0.16288000345230103
0.0
0.0
0.0
0.10044199973344803
0.0
0.010401000268757343
0.038114000111818314
0.17994099855422974
0.084197998046875
0.0
0.0
0.10044199973344803
0.7377840280532837
0.7844560146331787
0.32210999727249146
0.0
1.228754997253418
0.0
0.6310070157051086
0.0
1.0261210203170776
1.3859939575195312
0.1833920031785965
0.0
1.8902709484100342
0.0
1.2369450330734253
0.0
1.1588380336761475
1.639955997467041
0.0
0.0
1.4289159774780273
0.0
0.277866005897522
0.0
1.1467119455337524
1.6797590255737305
0.0
0.0
1.1734310388565063
0.9249160289764404
0.0
0.30717700719833374
1.3647550344467163
1.7567570209503174
0.0
0.6710240244865417
0.6955670118331909
1.015895962715149
0.0
0.0
1.2796839475631714
1.2390509843826294
0.0
1.2633600234985352
0.2710840106010437
1.3794349431991577
0.5959060192108154
2.0302751064300537
0.8023880124092102
1.0747660398483276
0.26805898547172546
2.319749116897583
0.0
0.9999549984931946
0.0
1.152987003326416
0.6755279898643494
0.2203959971666336
1.0127300024032593
2.9418609142303467
0.0
1.1200369596481323
0.811456024646759
0.8995670080184937
0.8935970067977905
0.466717004776001
1.1704189777374268
1.881983995437622
0.0
1.0601170063018799
0.7615330219268799
1.5713549852371216
0.4458479881286621
0.25053200125694275
0.5052779912948608
0.6521580219268799
0.0
0.0
0.0
0.6330440044403076
0.0
0.0
0.0
0.16288000345230103
0.0
0.0
0.0
0.10044199973344803
0.0
0.0
0.004935999866575003
0.26559698581695557
0.06464599817991257
0.0
0.0
0.10044199973344803
0.3397580087184906
0.0
0.49515700340270996
1.9574040174484253
0.9078390002250671
0.3172380030155182
0.0
0.0
1.0468800067901611
0.47008201479911804
1.385632038116455
2.8364219665527344
0.653668999671936
0.8785200119018555
1.1300179958343506
0.0
1.880282998085022
0.9995499849319458
1.5203850269317627
2.292004108428955
0.0
0.37771499156951904
1.6544849872589111
0.0
1.486245036125183
0.6055499911308289
0.5973330140113831
1.7464489936828613
0.0
1.5605629682540894
1.5483089685440063
2.6024909019470215
1.3377710580825806
0.2637450098991394
1.54305899143219
3.312551975250244
0.0
1.1796989440917969
0.0
1.3014329671859741
1.4084500074386597
0.0585159994661808
1.8070050477981567
3.168692111968994
0.0
0.7008370161056519
1.4017130136489868
1.9668619632720947
0.8084859848022461
0.14584000408649445
0.8649560213088989
2.2507410049438477
0.0
0.3527509868144989
0.2360980063676834
1.298483967781067
0.5214220285415649
0.0
1.4427330493927002
1.9166489839553833
0.0
0.0
0.3540480136871338
0.775583028793335
0.5291280150413513
0.0
1.1960070133209229
1.0762059688568115
0.0
0.0
0.435140997171402
0.8292009830474854
0.14913800358772278
0.0
0.3562749922275543
0.3991889953613281
0.0
0.0
0.0
0.3037880063056946
0.0
0.0
0.0
0.16288000345230103
0.0
0.0
0.0
0.10044199973344803
0.0
0.0
0.0020620001014322042
0.1912200003862381
0.014387000352144241
0.0
0.0
0.10044199973344803
0.0
0.0
0.35721200704574585
1.2960939407348633
0.35310399532318115
0.3660939931869507
0.0
0.0
0.3332329988479614
0.0
1.4003980159759521
2.2156379222869873
0.3442629873752594
0.7546240091323853
0.0
0.03439600020647049
1.6406970024108887
0.08222699910402298
1.8967880010604858
2.1365020275115967
0.7735080122947693
0.0
1.773103952407837
0.0
1.5398459434509277
0.8606889843940735
1.0445560216903687
0.7018349766731262
0.0
0.5670289993286133
2.786252975463867
2.9287359714508057
0.7962260246276855
0.970749020576477
1.353294014930725
1.2643799781799316
0.0
0.39417600631713867
0.0
1.949720025062561
0.4394420087337494
0.029006000608205795
1.4500139951705933
1.4269850254058838
0.13006499409675598
0.17024800181388855
0.6989390254020691
0.8970590233802795
0.44081398844718933
0.0
0.7896659970283508
0.6933929920196533
0.0
0.0
0.35079100728034973
0.6049020290374756
0.0
0.0
0.0
0.16288000345230103
0.0
0.0
0.0
0.10044199973344803
0.0
0.0
0.0
0.16288000345230103
0.0
0.0
0.0
0.10044199973344803
0.0
0.0
0.0
0.16288000345230103
0.0
0.0
0.0
0.10044199973344803
0.0
0.0
0.0
0.16288000345230103
0.0
0.0
0.0
0.10044199973344803
0.0
0.0
0.0
0.16288000345230103
0.0
0.0
0.0
0.10044199973344803
0.0
0.0
0.001475999946705997
0.184921994805336
0.010689999908208847
0.0
0.0
0.10044199973344803
0.0
0.0
0.03203300014138222
0.635221004486084
0.26487499475479126
0.0
0.0
0.10044199973344803
0.4829710125923157
0.0
0.9177740216255188
1.8877129554748535
0.716044008731842
0.15105099976062775
0.036079999059438705
0.0
1.4898560047149658
0.961214005947113
1.1901040077209473
1.541077971458435
0.24807000160217285
0.0
2.471575975418091
0.2653689980506897
1.675531029701233
1.3971869945526123
0.0
0.0
0.0186149999499321
0.0
2.073422908782959
1.2841299772262573
0.4279800057411194
1.2987090349197388
0.23557999730110168
0.0
0.21936200559139252
0.39017799496650696
0.0
1.6525570154190063
0.0
0.4756630063056946
0.29506099224090576
0.0
0.008520999923348427
0.37798699736595154
0.0
1.3246910572052002
0.0
0.0
0.17382100224494934
0.16288000345230103
0.0
0.0
0.0
0.23509900271892548
0.0
0.0
0.0
0.16288000345230103
0.0
0.0
0.0
0.10044199973344803
0.0
0.0
0.0
0.16288000345230103
0.0
0.0
0.0
0.10044199973344803
0.0
0.0
0.0
0.16288000345230103
0.0
0.0
0.0
0.10044199973344803
0.0
0.0
0.0
0.16288000345230103
0.0
0.0
0.0
0.10044199973344803
0.0
0.0
0.0
0.16288000345230103
0.0
0.0
0.0
0.10044199973344803
0.0
0.0
0.0010369999799877405
0.18019899725914001
0.007918000221252441
0.0
0.0
0.10044199973344803
0.0
0.0
0.2755950093269348
1.3446730375289917
0.5286250114440918
0.1488720029592514
0.0
0.043366000056266785
0.7907599806785583
0.0
1.0782469511032104
2.220928907394409
0.4380359947681427
0.33852800726890564
0.9987580180168152
0.0
1.6967450380325317
0.9980829954147339
1.3816759586334229
2.540817975997925
0.027343999594449997
0.0
2.1013669967651367
0.0
1.9102369546890259
1.4291930198669434
0.48897799849510193
0.1091260015964508
0.0
0.04031800106167793
2.4307401180267334
1.2096879482269287
0.935608983039856
1.2640210390090942
0.0
0.0
0.0
0.609046995639801
0.19728200137615204
2.242966890335083
0.0
0.5502499938011169
0.20808599889278412
0.0
0.0
0.5186669826507568
0.0
1.3831859827041626
0.0
0.0
0.07588899880647659
0.16288000345230103
0.0
0.0
0.0
0.13016599416732788
0.0
0.0
0.0
0.16288000345230103
0.0
0.0
0.0
0.10044199973344803
0.0
0.0
0.0
0.16288000345230103
0.0
0.0
0.0
0.10044199973344803
0.0
0.0
0.0
0.16288000345230103
0.0
0.0
0.0
0.10044199973344803
0.0
0.0
0.0
0.16288000345230103
0.0
0.0
0.0
0.10044199973344803
0.0
0.0
0.0
0.16288000345230103
0.0
0.0
0.0
0.10044199973344803
0.0
0.08545500040054321
0.1417829990386963
0.29041099548339844
0.07260899990797043
0.0
0.0
0.10044199973344803
0.1443829983472824
0.3703010082244873
0.5901910066604614
1.0220869779586792
0.9401689767837524
0.17874400317668915
0.04372800141572952
0.0
0.7770789861679077
0.6223869919776917
1.99686598777771
1.3549319505691528
2.2440168857574463
0.10345300287008286
0.5421689748764038
0.0
2.027585983276367
0.9147099852561951
2.0494000911712646
0.0
1.99036705493927
0.0
2.336829900741577
0.0
1.6410330533981323
1.0993640422821045
0.3781459927558899
0.0
0.0
0.6619889736175537
1.329453945159912
3.413865089416504
0.48342499136924744
0.8257989883422852
0.0
0.0
0.0
0.6170849800109863
0.0
2.083259105682373
0.0
0.0
0.0
0.1645520031452179
0.0
0.0
0.0
0.1618639975786209
0.0
0.0
0.0
0.16288000345230103
0.0
0.0
0.0
0.10044199973344803
0.0
0.0
0.0
0.16288000345230103
0.0
0.0
0.0
0.10044199973344803
0.0
0.0
0.0
0.16288000345230103
0.0
0.0
0.0
0.10044199973344803
0.0
0.0026489999145269394
0.06568600237369537
0.16288000345230103
0.02652999944984913
0.0
0.0
0.10044199973344803
0.15906299650669098
0.44506099820137024
0.40901100635528564
0.11627300083637238
0.5567309856414795
0.0
0.22328400611877441
0.04747699946165085
0.6562039852142334
1.034369945526123
0.5567659735679626
0.0
1.9584330320358276
0.0
0.3221740126609802
0.0
1.0226470232009888
1.2785999774932861
0.557673990726471
0.0
2.2147409915924072
0.0
0.34056100249290466
0.0
0.9658370018005371
1.2556780576705933
0.3862139880657196
0.0
2.174494981765747
0.7790060043334961
0.0
0.0
1.050475001335144
0.9005950093269348
0.0
1.8744850158691406
1.579671025276184
2.131782054901123
0.0
0.7049880027770996
1.2006540298461914
0.7432770133018494
0.0
1.9844919443130493
0.0
1.8203099966049194
0.5925750136375427
3.1893839836120605
0.6562700271606445
0.6736999750137329
0.03316500037908554
1.0888350009918213
0.0
0.0
0.0
1.8378959894180298
0.0
0.0
0.07493799924850464
0.2199310064315796
0.0
0.0
0.0
0.1481039971113205
0.0
0.0
0.0
0.16288000345230103
0.0
0.0
0.0
0.10044199973344803
0.0
0.11493600159883499
0.16965599358081818
0.16288000345230103
0.0661730021238327
0.0
0.0
0.10044199973344803
0.13722699880599976
0.5515589714050293
0.5178710222244263
0.12792499363422394
0.7985600233078003
0.0
0.22949500381946564
0.060717999935150146
0.5979999899864197
1.0223950147628784
0.6313220262527466
0.0
1.905066967010498
0.0
0.26784199476242065
0.0
0.9805759787559509
1.3808059692382812
0.7142950296401978
0.0
2.1219398975372314
0.0
0.18260100483894348
0.0
0.9896630048751831
1.2232370376586914
0.5096780061721802
0.0
2.225092887878418
0.5343909859657288
0.0
0.0
0.9535080194473267
1.140902042388916
0.0
1.5903520584106445
1.4807039499282837
2.013406991958618
0.0
0.5089309811592102
0.9799399971961975
0.7932400107383728
0.14089399576187134
3.156438112258911
0.0
1.8935320377349854
0.0
1.2876349687576294
0.9235140085220337
0.22223299741744995
1.1741880178451538
3.0445148944854736
0.0
1.8402739763259888
0.2001439929008484
1.3857020139694214
0.9037789702415466
0.1263580024242401
1.3729939460754395
2.405247926712036
0.0
0.47501298785209656
0.6566410064697266
1.96698796749115
0.6563270092010498
0.013151000253856182
0.6478909850120544
0.8556810021400452
0.0
0.0
0.13756999373435974
0.7935699820518494
0.0
0.0
0.0017679999582469463
0.16461899876594543
0.0
0.0
0.0
0.10189999639987946
0.0
0.0
0.0
0.16288000345230103
0.0
0.0
0.0
0.10044199973344803
0.307886004447937
0.48194000124931335
0.34255099296569824
0.0
0.7863399982452393
0.0
0.20306800305843353
0.0
0.7986429929733276
1.0769579410552979
0.4192560017108917
0.0
1.9325120449066162
0.0
0.5919380187988281
0.0
1.0145800113677979
1.2867850065231323
0.20253199338912964
0.5228559970855713
2.1315829753875732
0.6767160296440125
0.35360199213027954
0.0
0.9655489921569824
1.3017200231552124
0.0
2.2632369995117188
1.2350879907608032
1.5836950540542603
0.0
0.0
0.958329975605011
0.8163110017776489
0.0
3.125364065170288
0.0
1.9467560052871704
0.09419800341129303
1.222735047340393
0.9004740118980408
0.28647199273109436
0.9296290278434753
3.0427260398864746
0.0
2.021282911300659
0.1085439994931221
1.5416170358657837
0.9267160296440125
0.0
1.2678279876708984
2.9848170280456543
0.0
0.8137149810791016
0.32877299189567566
1.4010100364685059
0.8628929853439331
0.0
1.4007500410079956
1.8186299800872803
0.0
0.0
0.3264620006084442
1.1425199508666992
0.37337198853492737
0.0
0.8109560012817383
0.6794959902763367
0.0
0.0
0.22111399471759796
0.5569679737091064
0.0
0.0
0.09072399884462357
0.23069700598716736
0.0
0.0
0.0
0.1572989970445633
0.0
0.0
0.0
0.16288000345230103
0.0
0.0
0.0
0.10044199973344803
0.0
0.0
0.0
0.16288000345230103
0.0
0.0
0.0
0.10044199973344803
0.12486100196838379
0.0
0.14383700489997864
1.1228630542755127
0.5441790223121643
0.11050699651241302
0.0
0.0
0.42255899310112
0.0
1.0452159643173218
2.4850308895111084
0.4370479881763458
1.0024609565734863
0.2940239906311035
0.0
0.8583589792251587
0.0
1.8194429874420166
3.338809013366699
0.0
1.502498984336853
0.2822110056877136
0.4856419861316681
0.9364290237426758
0.0
1.8557020425796509
3.5655078887939453
0.0
1.2591190338134766
0.3180679976940155
0.7800130248069763
0.9566779732704163
0.0
1.690356969833374
3.2804150581359863
0.0
0.6921190023422241
0.47356298565864563
1.3181489706039429
0.91143798828125
0.0
1.3140989542007446
1.9530370235443115
0.0
0.0
0.31984400749206543
1.2890629768371582
0.43342098593711853
0.0
0.8323460221290588
0.7368040084838867
0.0
0.0
0.18700100481510162
0.591234028339386
0.0
0.0
0.10950399935245514
0.2379699945449829
0.0
0.0
0.0
0.16459199786186218
0.0
0.0
0.0
0.16288000345230103
0.0
0.0
0.0
0.10044199973344803
0.0
0.0
0.0
0.16288000345230103
0.0
0.0
0.0
0.10044199973344803
0.0
0.0
0.0
0.16288000345230103
0.0
0.0
0.0
0.10044199973344803
0.0
0.0
0.0
0.16288000345230103
0.0
0.0
0.0
0.10044199973344803
