Model loaded: trained_mnist_cnn.keras

Model Summary:
Model: "sequential_4"
┏━━━━━━━━━━━━━━━━━━━━━━━━━━━━━━━━━━━━━━┳━━━━━━━━━━━━━━━━━━━━━━━━━━━━━┳━━━━━━━━━━━━━━━━━┓
┃ Layer (type)                         ┃ Output Shape                ┃         Param # ┃
┡━━━━━━━━━━━━━━━━━━━━━━━━━━━━━━━━━━━━━━╇━━━━━━━━━━━━━━━━━━━━━━━━━━━━━╇━━━━━━━━━━━━━━━━━┩
│ conv2d_4 (Conv2D)                    │ (None, 24, 24, 8)           │             208 │
├──────────────────────────────────────┼─────────────────────────────┼─────────────────┤
│ max_pooling2d_4 (MaxPooling2D)       │ (None, 12, 12, 8)           │               0 │
├──────────────────────────────────────┼─────────────────────────────┼─────────────────┤
│ flatten_4 (Flatten)                  │ (None, 1152)                │               0 │
├──────────────────────────────────────┼─────────────────────────────┼─────────────────┤
│ dense_4 (Dense)                      │ (None, 10)                  │          11,530 │
└──────────────────────────────────────┴─────────────────────────────┴─────────────────┘
 Total params: 35,216 (137.57 KB)
 Trainable params: 11,738 (45.85 KB)
 Non-trainable params: 0 (0.00 B)
 Optimizer params: 23,478 (91.71 KB)


Layer 0: conv2d_4 (Conv2D)

  Weight 0 (shape (5, 5, 1, 8)):
[[[[-0.004106 -0.461717  0.194973  0.168739  0.13306   0.268225
    -0.174507 -0.63041 ]]

  [[ 0.210243 -0.713467  0.236023  0.220473  0.044869  0.21279
     0.018753 -0.611092]]

  [[ 0.245573 -0.459918  0.066482 -0.313571  0.029777  0.434637
     0.297384 -0.591262]]

  [[ 0.172309 -0.372629 -0.186445 -0.407069  0.246001  0.285729
     0.03787  -0.130126]]

  [[ 0.080405 -0.511042 -0.090242 -0.338184  0.134347  0.416475
    -0.272353  0.314925]]]


 [[[-0.054813 -0.320821  0.163356  0.314858  0.187064  0.077519
    -0.08027  -0.510321]]

  [[ 0.246694 -0.450925  0.039093  0.364515  0.169724  0.514624
     0.230325 -0.358319]]

  [[ 0.149781 -0.502588 -0.097766 -0.240117  0.254887  0.437746
     0.29108  -0.147244]]

  [[-0.027453 -0.385885 -0.295092 -0.524812  0.181944  0.509374
    -0.029042  0.314325]]

  [[ 0.102744 -0.347437  0.231612 -0.382778  0.248337  0.258639
    -0.303709  0.228037]]]


 [[[ 0.134087  0.29767   0.183442  0.4273    0.056343 -0.115138
    -0.345679 -0.649725]]

  [[ 0.037254  0.267928  0.04071   0.199563  0.079509  0.059857
     0.110309 -0.273601]]

  [[-0.130376  0.19184  -0.066293 -0.076073  0.351549  0.122136
     0.094921  0.192636]]

  [[ 0.149657  0.064462 -0.059078 -0.270487  0.234939  0.012546
     0.158516  0.244215]]

  [[-0.142769 -0.00702   0.317661 -0.436553 -0.090124  0.020769
    -0.233251  0.4594  ]]]


 [[[-0.023891  0.471297  0.172799  0.288523  0.261598 -0.702544
    -0.199548 -0.252788]]

  [[ 0.014563  0.410741  0.090964  0.436346  0.120594 -0.538857
    -0.121776  0.085077]]

  [[ 0.039788  0.323991 -0.11379   0.094695 -0.091178 -0.340145
     0.195015  0.457487]]

  [[ 0.155581  0.380901  0.038816  0.006353 -0.180228 -0.449909
     0.090033  0.33877 ]]

  [[ 0.263732  0.2334    0.086394 -0.302468 -0.407654 -0.025916
     0.149965  0.158332]]]


 [[[-0.1712    0.323593  0.035663  0.123955 -0.117832 -0.630691
    -0.163908  0.156387]]

  [[-0.150832  0.300985 -0.279793  0.185313 -0.301683 -0.656336
     0.038533  0.270956]]

  [[ 0.182735  0.368802 -0.201837  0.340854 -0.513117 -0.64799
    -0.022243  0.272354]]

  [[ 0.161902  0.168475 -0.317965  0.276458 -0.467652 -0.409664
     0.184991  0.12974 ]]

  [[ 0.279617  0.258771 -0.344427  0.156188 -0.331797 -0.134181
    -0.003006 -0.091392]]]]
Total elements: 200

  Weight 1 (shape (8,)):
[-0.051951  0.005777  0.001168 -0.116173  0.014178  0.159206 -0.022463
 -0.06568 ]
Total elements: 8
  Conv filters visualization saved to: ./model_analysis_output\conv_filters_layer0_conv2d_4.png

Layer 1: max_pooling2d_4 (MaxPooling2D)
  No weights in this layer.

Layer 2: flatten_4 (Flatten)
  No weights in this layer.

Layer 3: dense_4 (Dense)

  Weight 0 (shape (1152, 10)):
[-0.190832  0.14735  -0.044694  0.080168 -0.096324 -0.1768   -0.028391
 -0.017883 -0.170537 -0.065677 -0.146817  0.190222 -0.181648  0.006385
 -0.005946 -0.068622  0.10684   0.063459 -0.204965 -0.007172  0.055216
  0.141668 -0.083    -0.016576 -0.062696  0.015303  0.041638  0.060211
 -0.132585 -0.004157 -0.112018  0.09661  -0.060418  0.103394  0.0236
 -0.071158 -0.017961  0.024161 -0.18498  -0.059148 -0.020676  0.141633
  0.048379 -0.107441 -0.040835  0.014198  0.046697  0.051018 -0.090294
 -0.047818  0.053499  0.213634 -0.049677 -0.147039  0.043447 -0.03766
  0.031244  0.045637 -0.150947  0.011869 -0.060124  0.051451 -0.073441
  0.136312  0.000424 -0.082934  0.0355    0.050596 -0.111763  0.00292
 -0.067102  0.109496 -0.10821   0.147865  0.004649 -0.085318  0.101095
 -0.024499 -0.084549  0.000575  0.00289   0.084889  0.000611 -0.001809
 -0.01202  -0.049482  0.100844 -0.019982  0.050605 -0.154398 -0.127905
  0.090792 -0.055966  0.000246 -0.001666 -0.059574  0.057305  0.068357
 -0.053837 -0.053332  0.082516  0.038829 -0.044083 -0.054896 -0.085806
  0.021616  0.14494  -0.065578 -0.055497  0.05467  -0.059611  0.051036
 -0.117062 -0.004328  0.034925 -0.133032  0.067478 -0.009729 -0.039342
 -0.155062  0.013239  0.167085  0.033951 -0.126774  0.068176 -0.024353
 -0.040301  0.005677 -0.170676 -0.061488  0.025534  0.169551  0.085688
 -0.076648 -0.059033 -0.000067  0.051802  0.002467 -0.145213 -0.051715
 -0.134364  0.054081 -0.021313  0.043678 -0.081902 -0.089091  0.050413
 -0.03429   0.000137 -0.096365 -0.164294  0.064098 -0.035321  0.107647
 -0.129461 -0.18009   0.209724  0.068598 -0.193482 -0.019249 -0.009763
  0.054125 -0.053161 -0.076423 -0.051053  0.042261  0.116393  0.017258
  0.065026 -0.087231 -0.054973  0.068586  0.048631  0.014861  0.004674
 -0.058638  0.103951  0.021698  0.009926 -0.104648 -0.09889  -0.096759
  0.206217  0.042122 -0.119883 -0.107817 -0.027711 -0.058276 -0.184436
  0.030927  0.021557 -0.042543 -0.022032 -0.008616 -0.03579  -0.014605
 -0.018675  0.02172  -0.054607  0.006566 -0.019529  0.151486  0.040845
 -0.133293 -0.042632  0.083459 -0.002922  0.063558 -0.086075  0.023767
  0.043512  0.119113  0.021037 -0.163503  0.063882  0.068752  0.103241
  0.042211 -0.211129 -0.022402 -0.044827  0.021815  0.048219 -0.04402
 -0.077715 -0.072721  0.076231 -0.026952 -0.022124 -0.146995  0.016866
 -0.017989 -0.033896  0.074763 -0.094787 -0.062371  0.134205  0.004551
  0.041713 -0.268692 -0.070567 -0.068992  0.076991  0.047714 -0.166937
 -0.018468  0.107292 -0.049162  0.004572  0.044543  0.043797 -0.045135
 -0.025647  0.019815 -0.144027  0.021998  0.03385  -0.01073   0.002357
  0.044741 -0.113943 -0.047336  0.10427   0.11932  -0.166961 -0.124904
  0.027301 -0.062243 -0.041545 -0.19377  -0.050451  0.032454 -0.043485
 -0.01094  -0.09254   0.029192 -0.03017   0.006011 -0.010633  0.078346
  0.026079  0.090151  0.027198 -0.093968 -0.109872 -0.005226  0.128066
 -0.002769 -0.068185  0.001269  0.077731  0.186751  0.094273 -0.058875
  0.042116 -0.031029  0.050742 -0.006862 -0.193162 -0.092433 -0.074225
  0.022745  0.020114  0.047735 -0.0982    0.012435  0.096617 -0.050779
 -0.055988 -0.019386 -0.015109 -0.03728   0.000684  0.027092 -0.102407
 -0.034283  0.17293  -0.056502 -0.038752 -0.214041  0.003516 -0.058139
  0.056305 -0.020611 -0.007264 -0.066414 -0.005289 -0.095794  0.024578
  0.046706 -0.051521  0.004586 -0.049213 -0.061384 -0.100374 -0.044589
 -0.017991 -0.060324 -0.027921  0.000522 -0.211607 -0.159464  0.147034
  0.002686 -0.227518 -0.159438  0.123835 -0.187015  0.009484 -0.160741
  0.011219 -0.034768 -0.006962  0.009886 -0.064804  0.013001 -0.125026
 -0.047169  0.08743   0.029488 -0.060565 -0.04371  -0.024474 -0.089128
 -0.161355 -0.082545  0.188409  0.001093 -0.117003 -0.02648   0.062002
  0.145812  0.070437 -0.134533  0.042875 -0.079738 -0.042431 -0.036358
 -0.127065 -0.074702 -0.115379 -0.07537   0.006983  0.029188 -0.089251
 -0.068775  0.013109 -0.007462 -0.030858  0.078305 -0.00867  -0.05843
  0.02914   0.048335 -0.152677  0.063277  0.100469  0.004177 -0.026896
  0.03863   0.046921  0.135207 -0.035927 -0.043368 -0.007139 -0.006869
  0.062956 -0.04133   0.025614 -0.007557  0.066652  0.002307 -0.005266
  0.022359 -0.086896 -0.006105 -0.058718 -0.021021  0.040614  0.051223
 -0.126268 -0.026277  0.209573 -0.006063 -0.220585  0.013855  0.12389
 -0.195689 -0.143648 -0.281781  0.059336 -0.037024  0.013392 -0.053385
  0.030972 -0.051253 -0.071504 -0.054135 -0.018584  0.034455 -0.026178
  0.018377  0.024616 -0.167317 -0.193589 -0.022556  0.1197   -0.066503
 -0.244687 -0.084851  0.128837  0.128998  0.032105 -0.07133  -0.052371
 -0.002682  0.045263  0.002571 -0.060051 -0.141477 -0.097778  0.020666
  0.055032  0.007813 -0.128748  0.014996  0.114295 -0.106174 -0.062395
 -0.075424 -0.018863  0.070091  0.015465 -0.053555  0.024078 -0.072534
  0.047371  0.022482  0.035852  0.10127   0.025281  0.014563  0.026227
  0.089922  0.001975 -0.036411 -0.024753 -0.072359  0.033143 -0.096816
 -0.050746  0.046604  0.034958  0.049653  0.048601 -0.054803 -0.023299
 -0.103981 -0.009398 -0.067556 -0.082209  0.159687 -0.085816 -0.056041
 -0.221591 -0.046843  0.151383 -0.133595 -0.100679 -0.239296  0.038326
  0.011842 -0.003815  0.08441   0.004083 -0.041474 -0.07699  -0.029587
  0.080921 -0.069063 -0.143708  0.208984 -0.153326 -0.171816 -0.102644
 -0.006229  0.21661  -0.060954 -0.234796 -0.145395  0.055331  0.006766
  0.089497 -0.13703   0.044302 -0.049663  0.085959  0.021838 -0.182466
 -0.13622  -0.050727  0.041112  0.081116  0.044181 -0.057437  0.008234
  0.041777 -0.09628  -0.089595 -0.104811  0.018202  0.101622 -0.068288
  0.045116  0.045469 -0.031998 -0.015555 -0.018636 -0.01473  -0.014145
  0.005705  0.007253  0.005989  0.040732 -0.002006 -0.009552  0.040911
 -0.173714  0.044328 -0.136326  0.071304 -0.019092 -0.035466  0.014857
 -0.040228 -0.037397 -0.04226  -0.085718  0.016457 -0.02706   0.029573
  0.255719 -0.185206 -0.214142  0.017779  0.027548  0.225692 -0.189079
 -0.11975  -0.223794  0.008255 -0.045818  0.034222  0.072796 -0.096369
 -0.016549  0.070976 -0.054466  0.010688 -0.077557 -0.072117  0.15128
 -0.260961 -0.252108 -0.00863   0.088569  0.177733 -0.050075 -0.187141
 -0.160167  0.018738  0.223306 -0.000862 -0.094998  0.075838 -0.163488
  0.079335  0.067519 -0.288232 -0.066802  0.049681  0.052289  0.012888
 -0.047227 -0.064947 -0.029476  0.005402 -0.107199  0.046433 -0.155809
  0.055103  0.00485   0.024162  0.060909  0.063466  0.007755  0.098944
 -0.050024  0.059642 -0.069956 -0.042211  0.069921  0.016311  0.01584
 -0.043736 -0.009532  0.057043 -0.100125  0.089252 -0.047113  0.040084
 -0.045262  0.088628 -0.015818 -0.040536  0.027812  0.05877  -0.086914
  0.028456 -0.111534 -0.11352   0.168043 -0.042328 -0.164532  0.036936
  0.094109  0.053104 -0.147187  0.024959 -0.219881 -0.039162 -0.054383
  0.066618  0.053115 -0.082449  0.002791  0.061543 -0.172975  0.046241
 -0.069093 -0.093628  0.133633 -0.178025 -0.238891  0.017752  0.216203
  0.08839   0.016339 -0.124895 -0.200665  0.058629  0.242661 -0.130461
 -0.116009 -0.00071  -0.081529  0.146562  0.078948 -0.124868 -0.113433
  0.015656  0.06622  -0.03827   0.02078  -0.021444  0.004315  0.048562
 -0.099233  0.07459  -0.169564 -0.008299  0.002959 -0.031148  0.050574
  0.011345 -0.02587   0.127199 -0.105907  0.048757 -0.050249 -0.013585
  0.049777 -0.068547 -0.024257  0.085628  0.019418  0.091311 -0.155184
  0.003607 -0.043571 -0.029737 -0.007621  0.052157  0.020634  0.015462
 -0.035728  0.042802 -0.182112  0.044141 -0.048896 -0.157986  0.030011
 -0.190323 -0.124487 -0.101228  0.161808  0.107623 -0.132262 -0.101965
 -0.072286  0.00515  -0.007616 -0.034723  0.032798 -0.001664 -0.096919
  0.055318 -0.207956  0.01217   0.042723 -0.027522  0.10183  -0.135438
 -0.210808 -0.044475  0.170123  0.151843  0.000308 -0.119413 -0.13003
 -0.040265  0.188643  0.066343 -0.162256  0.07268   0.077526  0.078046
  0.115682 -0.180997  0.013949  0.030468 -0.028882  0.018036 -0.082777
  0.085698 -0.022245  0.061551 -0.189577  0.026426 -0.131045  0.090192
 -0.012945  0.045351 -0.011778  0.044332 -0.026229  0.122221 -0.183099
  0.013124  0.045349 -0.076481 -0.01688  -0.12995  -0.097417  0.041522
 -0.066206  0.13084  -0.139856 -0.095102 -0.152661 -0.033789 -0.069233
 -0.025176  0.035429  0.038242 -0.002775  0.08824  -0.235912 -0.021054
 -0.116736 -0.113825  0.017741 -0.142345 -0.095828 -0.000523  0.046001
  0.16468  -0.063996  0.038466 -0.064928  0.022714  0.011627 -0.056148
  0.083407  0.036798 -0.035949  0.095861 -0.133365 -0.011609 -0.138412
  0.014366  0.161648 -0.041995 -0.130685 -0.057742  0.053395  0.167863
 -0.027397  0.019451 -0.100577  0.073509  0.122858 -0.071523 -0.136757
 -0.041486  0.021583  0.04221   0.076474 -0.166436  0.009295 -0.047416
  0.088812 -0.055242 -0.003916  0.059317 -0.050601  0.042471 -0.199035
  0.000602 -0.087232  0.021097 -0.011128  0.049161 -0.053369 -0.015403
  0.004145  0.074609 -0.108916  0.053399 -0.110033 -0.049021 -0.05528
 -0.103168 -0.078498  0.084724 -0.009176  0.147682 -0.03784   0.021749
 -0.078902 -0.037227 -0.092637  0.035804 -0.036124  0.140569  0.067687
  0.093372 -0.085443 -0.091818 -0.234654  0.070105 -0.015214 -0.051216
 -0.018869  0.034365 -0.020094 -0.012727 -0.088993  0.02705  -0.067213
 -0.064862  0.031356 -0.065891 -0.092891  0.034043 -0.011196  0.164433
 -0.164942 -0.089733 -0.126451 -0.041919  0.096681  0.018122 -0.052423
  0.106846  0.01542   0.041769  0.030186 -0.008975 -0.048882  0.040125
  0.27691  -0.068676 -0.103598  0.005982 -0.034969  0.022229  0.108936
 -0.128565 -0.06486  -0.023686  0.02444   0.025229 -0.053241  0.066827
  0.082553  0.013742 -0.126783 -0.072724 -0.112653  0.004478 -0.021163
  0.050923 -0.044395  0.02306   0.067617 -0.048903 -0.102593 -0.03866
 -0.168678 -0.082912  0.088058  0.050167  0.12583  -0.010154 -0.011648
  0.068057 -0.111165 -0.04957  -0.242478 -0.046734  0.112025  0.068383
  0.00538   0.083348 -0.071776 -0.009381  0.057141 -0.13653  -0.269884
 -0.110504  0.197153 -0.041157  0.061565 -0.031093 -0.133256  0.03058
  0.185445 -0.148862 -0.056011 -0.069342 -0.0672   -0.01205   0.061451
  0.048729 -0.119681 -0.062869 -0.017051 -0.039845 -0.116208] ...
Total elements: 11520

  Weight 1 (shape (10,)):
[ 0.00498   0.113697 -0.002485 -0.092464  0.018973  0.030139  0.009488
  0.071668 -0.107503 -0.020608]
Total elements: 10
  Dense weights heatmap saved to: ./model_analysis_output\dense_weights_layer3_dense_4.png
